21,-6,1-0,1rb1r3/pp3pQk/1np2P2/4p2p/1qP1P3/1P4pP/P5BN/3R3K b - - 3 32
173,-5,1-0,5rk1/3r1pP1/p3p2Q/qpp1p3/P3b3/1PP5/3PBP2/R3K3 b Q - 1 28
192,-6,1-0,3qN3/p3rp2/1bR2kp1/pP1Bp2p/P3P2P/6P1/5P2/5K2 b - - 1 42
402,4,0-1,6k1/7q/1pp2p2/p1b1p1p1/P3P3/2P1nBP1/1PQN4/R4K2 w - - 5 36
534,8,0-1,8/p4pk1/2p3p1/3p4/3nPQ2/2N3P1/P4PKr/RR5r w - - 2 29
571,4,0-1,8/3Q4/1p4pk/2p2p1q/2P5/1P3K1P/4R1B1/6b1 w - - 11 45
995,-4,1-0,Rr6/1P2Pn1p/7k/p4p2/8/4K3/8/8 b - - 1 56
1019,-4,1-0,5Q1k/p2qp2p/1prp1np1/3P2N1/8/1P4P1/P3PP1P/6K1 b - - 1 26
1051,5,0-1,4r1k1/1p3pB1/2pp2p1/1P6/2P3b1/5B2/2NP1P1q/QR3K2 w - - 0 27
1147,-4,1-0,Q5k1/4rp2/p2p2r1/1p5R/2nP1B1q/7P/P5n1/5R1K b - - 1 31
1237,-4,1-0,3rk3/4R3/1p1P4/2r1p1p1/p7/P7/1b4KP/5R2 b - - 1 41
1253,-6,1-0,3R2k1/pp4pp/6n1/8/8/8/Pq2r1BP/5R1K b - - 1 34
1504,5,0-1,8/5pk1/6p1/R3p2p/4P3/R2Pq1PP/5r2/Q6K w - - 4 50
1505,7,0-1,6k1/p5b1/1p1p4/2p1p3/1PKnP1P1/Pq3P1R/1B6/1R5Q w - - 1 31
1527,4,0-1,8/1p4k1/3p4/p1p1r1pP/P1P2q2/2QP3K/1P2PrB1/3RR3 w - - 0 33
1598,-4,1-0,2k5/1br5/2pr2pp/P2p4/1R4q1/8/5QPP/2R3K1 w - - 0 33
1614,-8,1-0,6Q1/2R3bk/6pp/8/7P/6P1/Bq2rPK1/2q5 b - - 1 47
1729,-9,1-0,r1bqk2r/ppp1np1p/3p1Np1/6B1/2PnP3/8/PP3PPP/R3KB1R b KQkq - 1 10
1775,-5,1-0,2n4Q/r4kr1/2p3q1/p1Npp3/1p1P4/4P3/PPP5/2K2R2 b - - 3 34
1803,-4,1-0,rnq3k1/pb3r1p/1p2pn1Q/3pN3/2pP1P2/2NB4/PPP2P1P/2K3R1 b - - 11 21
1813,4,0-1,3r2k1/5ppp/p3b3/1p3BN1/1q3QP1/1n3P2/P6P/2K1R2R w - - 3 28
1818,6,0-1,8/2p2pk1/5Rp1/3p4/3Pn3/1p4PQ/PP5P/K1r5 w - - 1 40
1891,-4,1-0,5r1k/p7/1p3rqp/3Pp2Q/8/2P1P3/P6P/6RK w - - 0 42
1920,4,0-1,r1b2Brk/5p2/p1P4p/P2Pp3/4Pq2/R4Nn1/1P3Q1K/4RB2 w - - 2 30
2016,-5,1-0,3r1k2/3P3p/p6r/q5p1/1P2p3/8/5QPP/3R2K1 b - - 0 35
2102,-6,1-0,2k5/1bQ5/2p1r3/1r5p/pp1q2pP/6Q1/P5PK/8 b - - 1 65
2200,-7,1-0,8/5nk1/8/p1p2p1p/P1P1p2P/1P4Pq/K7/5R2 b - - 1 58
2317,-7,1-0,5r2/7Q/1p3k2/p1pP4/2PnNP1p/8/q5PP/4n1K1 b - - 5 48
2320,5,0-1,2B3k1/p3rp2/2bp2p1/2r4p/P1p2P2/5QPP/1P1b2K1/R6R w - - 1 29
2387,5,0-1,4N3/8/1R2n2p/7k/8/Pp2b1B1/6PK/8 b - - 0 48
2402,-5,1-0,r1br3q/pp2Q3/2k5/6R1/2Bp4/6P1/2P2P2/6K1 b - - 6 44
2435,-4,1-0,1k1r4/pp6/2p2Q1p/6p1/8/1P6/2Rrq3/1KR5 b - - 3 39
2549,5,0-1,r3kb1r/ppp1pppp/8/4N3/6n1/2NB4/PPPP1PPq/R1BQ1RK1 w kq - 1 9
2600,-4,1-0,8/1kq1r1r1/p1p3p1/1p1PQpPp/PP3P1P/2P5/5K2/4R3 w - - 1 56
2770,4,0-1,1R3bk1/1p5p/p7/P5P1/r6P/3B2R1/KPPn4/8 w - - 1 40
2772,7,0-1,r5k1/ppp2r2/3p4/3Pp1bP/1PP1Pn2/2N2BKq/P1Q2B1N/R4R2 w - - 0 25
3101,-5,1-0,4Q2r/k1RP2p1/rn5q/4p2p/pP1P3P/P4P2/1K4P1/8 b - - 3 34
3403,4,0-1,2N2r1k/p5pp/bp2p1p1/4P3/3P1P2/1QP1K1P1/P2N2qP/2R5 b - - 0 24
3422,-4,1-0,r4r1k/pp1bQ2p/4pp2/5q2/4p3/2B4P/PP3P2/4KBR1 b - - 1 20
3748,-5,1-0,6k1/3q1r1N/pnn2rp1/1p2p3/4P2Q/P1Pp2P1/4BP2/6KR b - - 1 36
4063,-5,1-0,3r1rk1/4bp1p/pq2Pn2/1pp2pQ1/2P1B3/1P6/PB4PP/R6K b - - 2 23
4118,6,0-1,2B2r1k/bp4p1/p2p3p/7Q/P3P3/2Pn4/1P1N2PP/R4RqK w - - 1 23
4161,-5,1-0,6k1/6Qp/4q1p1/1b1p4/3B2P1/2P4P/4r3/6K1 b - - 35 73
4219,-6,1-0,2kr3r/Q2p1ppp/1Bp1p3/4P3/2b2PP1/2q5/P1nRBK1P/8 b - - 7 24
4241,-5,1-0,1q3r1k/3p1p1p/b1p4Q/p1P1PN2/2r2p2/P7/1P1R2PP/1K6 b - - 3 28
4322,-4,1-0,r6k/8/p3p1QP/1p1rq3/3p1P2/8/PPP5/1K4R1 b - - 0 32
4371,-4,1-0,5rk1/8/p5Q1/1p1p1p2/5P1P/P1P3PK/1q6/8 b - - 2 42
4430,-6,1-0,6R1/1p3p1p/3p1p1k/1p2pNr1/4P3/q3N1P1/P4PK1/8 b - - 5 29
4432,-5,1-0,4K2k/1p1P4/1P2P3/2p3p1/8/3r4/8/8 b - - 2 52
4501,-9,1-0,2r4r/1p1Q3p/3p3b/pP1N4/2q2P1k/8/P5PP/6K1 w - - 0 31
4556,-4,1-0,3rk3/R1P2pp1/2B1p3/p3bb1p/1p6/1P4PP/P4K2/8 b - - 1 36
4595,-5,1-0,3R2k1/5ppp/2r1b3/2N4q/p4n1P/P4P2/1P3BP1/5BK1 b - - 1 35
4692,-8,1-0,1K6/P7/2q5/3k4/8/8/8/8 w - - 16 57
4696,-4,1-0,4R3/p1q2rkp/2p2Pp1/6P1/2r4P/1P2Q3/1KP5/8 b - - 0 39
4713,-4,1-0,4r2Q/2r2k1R/3p2p1/1p1N1Pq1/p3Pb2/8/PPP5/1K6 b - - 3 27
4714,-4,1-0,8/1P3pk1/1K4p1/2q5/2R2P2/8/8/8 w - - 0 92
4756,-6,1-0,1r2r3/1p1R1pkp/p1n1p1p1/7N/2P2q2/2Q5/PP2B1PP/5n1K b - - 1 22
4834,-4,1-0,2rq1r2/8/p2ppPk1/4p2p/1p2P2P/5Q2/PPP2P2/1K4R1 b - - 1 27
4867,7,0-1,6k1/3n1ppp/p2P4/5PP1/P4Q2/qp1N3P/1p2r1B1/1K1RR3 w - - 1 32
4950,-7,1-0,5R1k/6np/q7/3P4/3B1p1p/8/6P1/2rB2K1 b - - 0 43
4959,6,0-1,6k1/8/pp1p4/2PPn3/1P2Ppr1/2Q3p1/P5P1/2RRBK1q w - - 5 39
4964,5,0-1,4r1k1/2b2ppp/8/5RP1/6Q1/1P6/P1p2P1q/2B2RK1 w - - 1 38
5031,-5,1-0,1nr2k1Q/p4p2/1p3Np1/4PpB1/1q2b3/8/PP4PP/3r1RK1 b - - 1 28
5355,-8,1-0,r4rk1/1p3p2/4bP1Q/p3p3/4B3/1P6/PKP3PP/4q3 b - - 1 26
5453,-5,1-0,2n1k2r/p4p2/4p1pp/4P1q1/3R3P/B7/5PP1/3R2K1 b k h3 0 29
5499,-6,1-0,2rr1k1R/R7/5N1p/3P3P/1pn3P1/P7/KPq5/8 b - - 6 40
5585,-4,1-0,r1b1rb2/1p3kpp/3p4/p4P2/P7/8/QB1q2PP/R1R4K b - - 1 23
5591,-4,1-0,r3qrk1/p1p2p1p/1p1p1Bn1/5PQ1/1PP5/7P/P1P3P1/3R2K1 b - - 2 21
5594,-5,1-0,2rk1b1r/pqpR3p/4PN1p/8/8/P7/1PP4P/1K4NR b - - 0 21
5749,5,0-1,1r3rk1/1pp1Q1pp/p7/2P2p2/3P1n2/1NN2q2/PP3B1P/4RRK1 w - - 1 23
5781,-4,1-0,4k3/1P6/4r3/1Kp5/8/1P6/8/8 b - - 1 76
5785,-4,1-0,1r4k1/5pb1/b1q4p/p1pR1Q2/8/1P4BP/P1B2PPK/4r3 b - - 2 26
5886,5,0-1,3R4/4r1pk/N1p3p1/8/2PB4/1P2p2p/P4q1P/1Q5K w - - 0 44
5896,-5,1-0,7k/bp1q1r1p/p1p4p/4Q3/5p2/2P2BrP/PP3PP1/3R2K1 b - - 0 28
6385,-4,1-0,6k1/5Q1p/3p2p1/1P2p3/4P2q/1BP4n/1P3Pr1/7K b - - 0 38
6590,-4,1-0,6r1/p6b/2R5/kP1N2pP/3Pp3/5q2/KR6/8 b - - 2 39
6602,-7,1-0,2r3k1/3Q2p1/p4q2/1p6/5p2/P1r2R2/1P6/2K5 w - - 0 46
6708,5,0-1,5k2/5p1p/p1R3p1/3rn3/1p1N4/4P3/P4PPP/5RK1 w - - 1 28
6915,-6,1-0,1q5r/2R5/1r2pkp1/pP1pPp1p/5P2/1P4PP/6K1/2R2B2 b - - 0 53
7068,4,0-1,r6r/P3bpk1/2N3p1/2Pp3q/3PpP2/5pP1/5P2/RR2BQK1 w - - 1 36
7198,-4,1-0,rn1R3r/ppq1k1p1/2p1P3/6Q1/P7/7P/1p3P2/5RK1 b - - 4 22
7354,-4,1-0,Rk1r4/2r2p2/1p3n1p/6p1/3P4/3P2P1/5PBP/6K1 b - - 1 30
7421,-4,1-0,8/2k2P2/8/3p4/8/2r5/6PK/8 b - - 0 62
7500,-4,1-0,8/PP3k2/5p2/5Kp1/8/7P/1r6/8 b - - 0 53
7728,-4,1-0,6k1/1pr2pQ1/pn3P2/7p/7q/1P4p1/P5P1/3R2K1 b - - 3 37
7732,-4,1-0,1r5k/1b5Q/2p1p3/1p6/3PB3/2q3P1/5PKP/8 b - - 0 32
7793,-6,1-0,rn1kr3/pb3R2/2p1pQ2/1p2N3/2pP1KBP/1q6/1P4P1/8 b - - 5 24
7892,-5,1-0,3r4/Pb4p1/1Pk3p1/8/5p2/2R4P/5PPK/1R1q4 b - - 0 38
7967,6,0-1,8/R1pr2k1/1p3R2/1q6/4p3/2Q1P3/4KPp1/3N4 w - - 0 46
8205,-4,1-0,rnk4r/p3pP1p/4N3/2Q5/Pp2p3/2b5/1q3PP1/3R1K1R b - - 1 21
8373,4,0-1,8/6pk/p2p2pq/Pp1P4/1N5Q/2B3Pp/1P3p1P/7K w - - 3 43
8375,4,0-1,6k1/3R2pp/4p3/4P2P/1pQ2b1q/8/1P4B1/7K w - - 4 48
8414,4,0-1,8/p4Qpk/7p/1p6/3P3P/P4PPb/1P2q3/2R3K1 w - - 1 31
8514,-5,1-0,8/2P2q1p/p5p1/1p2p1k1/4N3/6P1/P3PPKP/8 b - - 1 43
8636,6,0-1,8/3R4/1kp3B1/3p2K1/5PP1/8/pp6/8 w - - 2 66
9097,-6,1-0,r1bR1q2/1p3pk1/p1p2P2/4r3/4B3/8/P1Q3P1/7K b - - 0 33
9158,-4,1-0,r3r2k/ppbqnQpp/5B2/6N1/4p3/1P2P2P/P4PP1/5RK1 b - - 0 22
9245,-4,1-0,5k2/1r1r2PQ/3p1b2/p1pPpqP1/2P4R/1P3pP1/P3nK2/7R b - - 0 46
9257,4,0-1,6k1/3n3p/p6r/2p2P2/2P5/B3P2b/P2QB1qN/3R3K w - - 2 37
9354,4,0-1,3r1r2/1p3pk1/1p6/6p1/2P1P1p1/1Q3pq1/PP6/R1B1NR1K w - - 2 29
9431,4,0-1,6k1/p6p/8/2N2Pp1/3P1q2/2QR3K/Pr2r1P1/6R1 w - - 0 32
9482,-5,1-0,8/8/4q3/1p4k1/8/4R3/7K/8 w - - 0 65
9540,-5,1-0,2b1q2r/3nb3/pp1p4/3Pp1kp/2P4P/1P1Q2N1/P4RP1/7K b - - 0 50
9549,5,0-1,2N1r1k1/1p3p1p/6p1/p2Pp3/P1B1PnP1/5Pqn/1PQ5/R2R1K2 w - - 0 26
9611,8,0-1,4r1rk/pp2q3/2pK3p/5p2/2P5/P1N1B2P/1PQ1B3/3RR3 w - - 3 28
9626,4,0-1,6k1/ppp1rp1p/2q3p1/1R3bP1/2P2P2/3Q4/P1N2R1P/7K w - - 1 29
9687,4,0-1,6k1/2Rb1r1p/Q2p4/3PN3/4Pp2/5Nn1/Pr2B1P1/5RKq w - - 3 31
9756,-7,1-0,3R2k1/r4p1p/3p4/p2nr2N/7K/6P1/7P/8 b - - 1 39
9807,7,0-1,r1br2k1/ppp2ppp/3b4/1P6/8/6nP/PBQN2PN/R5RK w - - 1 21
10214,-5,1-0,r5q1/ppp2rb1/3p2Qp/3P4/6k1/1P6/P4P1P/2B1R1K1 b - - 1 26
10240,-5,1-0,4k3/4P2p/2K5/P7/4n3/8/8/5n2 b - - 0 61
10269,8,0-1,8/6kp/p2pBnp1/2pP4/2PRP2Q/5p2/1q5P/5R1K b - - 0 38
10308,4,0-1,3B4/1p3rbk/1R5p/P1p5/2PpP3/3P2R1/4bPQP/2q3K1 w - - 5 41
10337,4,0-1,6k1/5p2/R5p1/p6N/P2qp2n/1P5P/2P3p1/2Q4K w - - 0 34
10661,-5,1-0,4N3/p1r3kp/1p3qp1/3B4/6P1/8/7P/R6K b - - 0 38
10927,-6,1-0,1rr2knR/5p2/3p2p1/4p1B1/bp1pP3/3P1BP1/1Pq2PK1/7Q w - - 7 29
10929,-5,1-0,r2r1k2/pq6/1n2B1Q1/4B1p1/2pP4/2P3P1/1P3P2/6K1 b - - 0 30
10984,-4,1-0,2rr1k2/2q1np1R/1p2pQp1/pPppP1p1/P5P1/3P4/nP4BP/3R2K1 b - - 3 31
11028,5,0-1,2n4r/6b1/QN4k1/N1p1p3/P3Pp2/2P1BPpb/7q/R3RK2 w - - 5 41
11054,6,0-1,2r3k1/5pp1/3b3p/p7/6P1/PP1PP3/1B2K1q1/R2QR3 w - - 1 29
11363,-5,1-0,r2q1b1r/p4ppp/1n2R1N1/5k1b/3PQ1n1/8/PP3P1P/R1B3K1 b - - 2 17
11401,6,0-1,8/4k2p/p4pp1/8/4pQ2/1PP1Pb2/P5RP/3r3K w - - 1 50
11747,-4,1-0,8/PP6/8/8/5rkp/3K4/8/8 b - - 6 67
11847,10,0-1,r5k1/pp4pp/3b4/2p5/2PpP1n1/1P3p1P/P4P1K/R1Q2R1B w - - 1 22
11963,-4,1-0,4r1k1/1qP3pp/4p3/4QbnN/6B1/6P1/1r3P1P/2R3K1 b - - 8 34
11993,5,0-1,6k1/1Rb2p2/6p1/6N1/4BP1p/1P2P1PP/P6K/2q1N3 b - - 0 36
12210,6,0-1,2Q2rk1/6bp/Q4n2/6N1/5P2/3p2P1/4p2P/5RKq w - - 1 35
12240,4,0-1,8/p3ppk1/1p4p1/8/3p4/P2PqP1R/1P1RP3/4QKr1 w - - 1 38
12764,11,0-1,2k1r3/pp6/3R4/3Q2p1/3P2b1/2N1p1N1/PP6/2K5 b - - 0 32
12822,5,0-1,6k1/pp3ppp/1b6/3q4/1P1B4/P4QP1/3Pr1KP/R6R w - - 1 24
12937,5,0-1,7k/8/Q7/2R5/3b4/3P4/4P2P/5q1K w - - 3 41
13180,-8,1-0,1rb1k2r/1p1p1p1p/p2NpQ2/8/2P5/5BP1/P3P1KP/1q6 b - - 2 22
13581,-4,1-0,8/4B2p/5kp1/8/8/5q1P/PP4PK/8 b - - 0 41
13777,6,0-1,2b4k/p3R2p/3N1r2/2Qp2p1/3Pp1p1/4P3/P4BPP/1r4K1 w - - 0 30
13908,-6,1-0,2Q4k/6b1/2np1Npp/p7/2q5/6PP/1r3PBK/8 b - - 3 32
13953,4,0-1,8/1Q3pkp/p5p1/P1p5/5q2/5P1P/1P2r1K1/2RR4 w - - 1 35
13993,-5,1-0,1k1r3r/1pQnbpp1/2p5/1N2p1Pp/3PqB1P/8/4N3/5RK1 b - - 3 29
14029,-4,1-0,r4rk1/1bpn4/p2pp2P/1p4QP/3P4/P2B4/1PP2q1B/2KR4 b - - 1 24
14292,-4,1-0,3r1r1k/pp2NppQ/8/8/3P4/4R3/Pq3PPP/4b1K1 b - - 0 21
14318,-6,1-0,5r2/3Q3N/5kp1/3p4/1q1P1P2/2r3P1/8/6K1 b - - 4 34
14456,4,0-1,r3r1k1/pp3p2/2p2np1/4b3/N1P1p2P/BP2PB1q/P1QR1P1P/2R4K w - - 1 28
14650,5,0-1,6kr/6b1/p1N1p3/2P4p/2p1Q2P/6P1/PqK2R2/3R4 w - - 4 36
14763,4,0-1,2Bq2k1/5p1p/bp4p1/2p5/3b1P2/B2p2P1/PP1Qr2P/2RR3K w - - 1 25
14804,-4,1-0,r3k2r/5pp1/2bq1n2/4P1Bp/pP1p3P/P5P1/2Q2PB1/5RK1 b kq - 0 25
14922,-4,1-0,5b1k/1R6/2n2N1r/2p1pp1p/2Pn4/2Bq2P1/5PBP/R6K w - - 0 47
14992,5,0-1,4r1k1/pp5p/5q2/2p4Q/2P5/3p2KP/PP1Bn1P1/1R5R w - - 3 22
15004,4,0-1,4r1k1/7p/pp1p2p1/2pP1P1n/P2b1P2/3B3q/1P1BR3/1R1Q2K1 w - - 5 27
15038,-10,1-0,5r1k/r4Pb1/3p2P1/2pn2NQ/pp6/7P/P2q2P1/4nR1K b - - 1 26
15084,5,0-1,r1b1k3/pp2pp2/3p3b/q1pP1P1p/2P3n1/2NBQ3/PP3KPP/R5NR w q - 1 18
15278,-5,1-0,1r2b3/5pk1/p2p2p1/1pPP1N2/3qP2p/5r2/5QB1/5RK1 b - - 1 36
15341,-4,1-0,rnbq1k2/5N1p/p2r1bp1/2p5/2B5/P4Q1P/1P3PP1/R1B3K1 b - - 5 20
15859,-4,1-0,r1bq1br1/pp2kQ2/2p1p2p/8/1PBP4/2P5/P2B2PP/5RK1 b - - 3 20
15918,-4,1-0,1nkr3r/1Qp2pp1/8/1PN1pq1p/8/2P1nB1P/P4PP1/R5K1 b - - 0 19
16071,-4,1-0,3r2r1/p1pkpn2/4bbq1/1B2N1pR/3pp1P1/2P5/PP3PQ1/2KR4 b - - 1 31
16262,-6,1-0,1r2k1r1/5p2/5N2/2pb1P2/1p3qP1/8/1P2B3/R4RK1 b - - 1 29
16372,9,0-1,6k1/pp3p2/2p2np1/2P1pb1p/P3P3/2N2nP1/2P4r/1RQ1RB1K w - - 1 27
16375,4,0-1,2Q1nk2/2p3bp/3p4/3Pp3/4Pr2/3Q1P2/2P1RqbP/2B4K w - - 1 34
16635,-5,1-0,r4nRk/pp2r3/2p1PN1p/3p1P2/8/8/PPPK4/8 b - - 1 28
16712,5,0-1,1r4k1/4pp2/p2p2pp/3P1b2/1p3P1B/3RQ2P/q1K1N1P1/3R4 w - - 0 26
16848,-8,1-0,r2qr1k1/pp3p2/2p4N/4p1PQ/3nPp2/3B4/PPP5/2K5 b - - 5 27
16930,-4,1-0,3R3k/1q4pp/1p2P3/2b2P1P/p7/6NK/P7/8 b - - 0 51
17198,-4,1-0,r6r/pp3p1p/7k/1BPN2B1/8/7q/PP3P1P/4K1R1 b - - 1 23
17252,-4,1-0,2n2rk1/1p6/4Q1pP/1P1p4/2q2B2/6P1/5PK1/8 b - - 1 40
17262,-4,1-0,2r2Br1/pp5k/1q1n1p2/7Q/8/2P5/PP5P/R6K b - - 0 34
17290,5,0-1,5B2/p5pk/P1P3p1/4p3/2QpN1q1/5r2/5nK1/R1R5 w - - 5 39
17313,5,0-1,3r1k2/1p5p/p5pP/2P1P1P1/5K2/1Q1p4/P4q2/3RR3 w - - 1 42
17481,-4,1-0,r3rb1k/p7/2q1pPQ1/3p2p1/3P4/2P5/P2N1KP1/5R2 b - - 3 29
17693,-5,1-0,2rkr3/1q2npp1/p1pQpn1p/4N2P/3P4/8/PP2BPP1/1KR5 b - - 1 26
17700,-4,1-0,1k2Nr2/pp4p1/2p1Qn1p/7q/2PP1B2/6P1/PP3P2/1K2b3 b - - 1 26
17723,-4,1-0,3r2k1/p1r2n2/1p2q3/3BbR2/6Q1/2B5/PP5P/7K b - - 3 36
17728,-4,1-0,3r1rkQ/pp3p2/4p3/2p2q2/3P4/5P2/PPP3P1/1K5R b - - 3 29
17739,-6,1-0,r2k3r/p1q5/2pbBQ1p/2p1p2p/1P6/8/P4PPP/3R2K1 b - - 3 29
17979,-4,1-0,3n1r2/1p1b2kp/1q1N4/r2pPp2/p2N1P2/2P3QP/PP1R3K/8 b - - 1 24
17990,-4,1-0,rnb2b1r/pp1n2pp/3pQqk1/4p3/6PN/2N5/PP3P1P/R1B1K2R b KQ - 4 12
18097,-4,1-0,r4rk1/pb3p2/1p3bQ1/5Np1/4qp2/1BP5/PP3PPP/R5K1 b - - 2 26
18153,6,0-1,5rk1/p4pp1/5b2/3R4/6P1/1Q4Pp/PP1B2qP/R5K1 w - - 1 27
18161,8,0-1,2r3k1/pb3p1p/1p2p1p1/n2r4/1b1P4/3RQN2/P4PPP/1BBR2K1 w - - 5 26
18178,4,0-1,1b1r3k/1p6/p6p/P2P2pq/2Pp4/1P4K1/3Q4/3NRR2 w - - 1 43
18351,-4,1-0,5r1k/4pp1p/2bp1b2/2p2BP1/1p2P2Q/1P1P3P/2q5/5R1K b - - 1 35
18393,5,0-1,6k1/5p1p/2b1p1p1/2b1p3/1pP1PP2/1P1R2P1/4N1BP/rR4K1 w - - 1 29
18486,-8,1-0,4kb1r/2N2p2/4bP1p/pqp1N1p1/6P1/7P/PPP5/1K1R4 b k - 1 25
18610,-4,1-0,2b3k1/1P3pp1/2P1p3/8/8/3B1P2/1KP4r/8 b - - 0 34
18875,-4,1-0,1r4k1/1p3pp1/p2r3p/3bQ3/P4P2/2P4P/6P1/6K1 w - - 0 31
18881,-4,1-0,r3r1kQ/2R3B1/p7/1p1qb3/5P2/7P/6PK/8 b - - 4 29
19235,5,0-1,2k5/1bq5/5P2/5p2/Pp3Q2/2P4P/1P3RrK/R7 w - - 3 41
19246,5,0-1,6k1/1p3np1/p6p/P3p3/1PQ4P/2P3PK/3N1qb1/4R1N1 w - - 3 61
19476,4,0-1,6k1/5p1p/3p2p1/3P4/2P2P2/1p3BP1/3bp2P/3R3K b - - 0 42
19502,-4,1-0,r4k2/2b4Q/2p1p1Bp/1q6/p2P3P/2P3P1/5P2/6K1 b - - 1 38
19507,-8,1-0,2r4k/5R1p/3p2pb/4p3/1P5P/8/3P2q1/R5K1 w - - 0 37
19769,-4,1-0,r6r/1bn4p/p3B1kq/1pb5/5R2/3Q4/PPP3PP/4R2K b - - 1 23
19773,4,0-1,1b5r/1b1kqRp1/p3p1Q1/P7/1p6/1N2p1K1/1PP3P1/R1B5 w - - 3 26
19855,-6,1-0,r7/3pqk1R/p3p3/n3P3/8/1rN3pQ/5BPP/5bK1 b - - 1 40
19926,8,0-1,6k1/5p1p/p5pQ/1p6/1P6/P1R5/6PP/4r2K w - - 0 35
19988,4,0-1,6k1/5pp1/8/p6P/Pb6/5PBP/3p2K1/1Q2r3 w - - 1 36
19991,4,0-1,3r2k1/5p1p/pp4p1/4Pn2/5P2/7P/PP1p2PB/4Q2K w - - 0 37
20103,-4,1-0,b2qR1k1/r2n1p1p/3p3Q/1p1P2r1/3B4/1P4P1/2P3BP/6K1 b - - 3 23
20111,8,0-1,b3rr1k/5p1p/B4p2/2pn4/N7/1PPRpQ2/6PP/4R2K b - - 0 36
20159,-10,1-0,6Rk/1b1p1r1P/p4p1B/1pr4q/5b2/P1NB3P/1PP5/1K6 b - - 2 26
20321,-4,1-0,3rr2k/2q2pR1/5P1P/p1p1b3/1p2Q3/5p2/PPP4P/1KB5 b - - 3 37
20553,-5,1-0,5R2/6r1/5N1p/4p1kP/p3P1P1/1b2B1P1/6K1/3q4 b - - 2 57
20576,-4,1-0,3rk2r/Q4ppn/1N1Bp2p/1p5P/8/1q6/5PP1/2R3K1 b - - 0 30
20579,-7,1-0,4Rk1r/1pN3pp/p1nq4/8/2B3b1/8/PPP2PPP/6K1 b - - 1 24
20588,-4,1-0,5q1r/1pr2p2/p3pNkp/1b1pP3/3P1Q2/5R1P/PP3PP1/6K1 b - - 3 30
20837,-4,1-0,2QR4/5pk1/2p4p/1b3Kp1/4PpNb/5N1q/8/r7 b - - 3 39
20975,4,0-1,8/2R5/6pk/p7/3p3P/1P3pp1/P2R1P2/4r1K1 w - - 1 47
21005,-4,1-0,8/7P/2p1k3/4p3/4K1P1/2r2P2/8/8 b - - 4 59
21009,-4,1-0,2r1b1kR/2q2pr1/p3p3/3pP1b1/p4P2/1NNn4/1PP4Q/1K5R b - - 2 30
21089,-4,1-0,3k4/5r2/3p2PP/4p1p1/1p2P3/8/P1P1K3/8 b - - 0 56
21105,-4,1-0,2R4Q/4b3/p2ppp1k/7p/3rP3/1q1P4/1P5P/1K6 b - - 5 32
21106,-5,1-0,2kr1b2/Q2b1p2/p3q1r1/1p2p1Pp/7P/8/PPP1N1B1/1K1R4 w - - 2 26
21107,5,0-1,1r5k/8/pq1p3P/3P1P2/4Q3/2PB4/r7/KR5R w - - 0 36
21110,5,0-1,6k1/R4p2/6p1/3Pq3/1P2Pp2/5P2/2KQ3p/8 b - - 2 39
21164,-6,1-0,4rkR1/3P4/6pK/8/7p/8/8/5r2 b - - 1 63
21216,-4,1-0,5rk1/p3pr1p/1p1pB1pP/1P4P1/P1P1p3/1K2B1b1/8/5R2 b - - 2 31
21284,8,0-1,4R3/p4pk1/6pp/5b2/7P/1B6/PPpK4/7R b - - 0 32
21418,-5,1-0,r4r1k/1b3p1p/1pq2p2/p1bpPQ2/P2B4/2PB4/1P4PP/R6K b - - 3 20
21419,-5,1-0,1r2r3/1q1n1p1k/p1b1pp2/3pP3/1b1R4/2N1BBQ1/1PP3PP/7K b - - 1 24
21430,-5,1-0,7r/3n1n1k/pp1pN1Q1/3B2Pp/P7/8/1P1q3P/2r2R1K b - - 0 38
21501,-9,1-0,r1r3k1/5pR1/p2ppP1p/7q/7R/1Pp5/1PP2P1P/1K6 b - - 0 24
21518,-4,1-0,Q5k1/2r2rpp/p3Bb2/6P1/1P2p2P/2P3q1/1P6/1K3R2 b - - 1 32
21580,-4,1-0,Q6k/6pp/3b4/5nP1/5P2/3q4/1R3nK1/8 b - - 1 49
21589,-6,1-0,2r2rk1/5p1p/p2p1QpP/q2b2n1/Np2P3/1P5B/P1P5/1K5R b - - 1 29
21646,5,0-1,1r2r1k1/7p/p3P1p1/6P1/n2R3P/B4Q1R/P1P3B1/Kq6 w - - 1 33
21649,6,0-1,1krR4/1b6/5p2/1N2pN1p/4n3/4Q3/1PP3PP/q1K1R3 w - - 1 25
21660,5,0-1,4r1k1/1p3p2/3p1npq/3P4/p1PQ4/5Nn1/PP2R1BP/3R3K w - - 1 32
21755,10,0-1,7q/1b2b1k1/p3P1p1/4Npp1/2BQ1P2/1P4K1/P4R2/4R3 b - - 2 37
21908,-4,1-0,r1b2bk1/4q1p1/p1p1p1Q1/6p1/7P/6P1/P1P3B1/5R1K b - - 1 24
21912,-8,1-0,2r3r1/2q1p3/p2p4/1p1P2k1/3bB2Q/1PP3PP/P7/7K b - - 6 34
21917,-6,1-0,4Q1k1/5r2/p4P1p/6p1/8/6K1/7P/2q5 b - - 1 44
22121,-4,1-0,3R1k2/4rp2/p3pNpp/2r1P3/pP6/P7/7P/6K1 b - - 1 36
22205,-4,1-0,r4k1r/ppQ1R1qp/6p1/1b1p4/5P2/B7/6PP/1N5K b - - 0 21
22207,-4,1-0,2r1k3/np2R3/p2Bp3/1b1pP1r1/3P3P/8/8/5R1K b - - 1 34
22238,7,0-1,7N/6pp/8/p7/P4n2/2k5/3pQPK1/8 w - - 1 66
22290,-7,1-0,1r4kr/pp2RQp1/6pp/3P4/2q5/7P/PP3PP1/2b3K1 b - - 1 22
22292,-4,1-0,6k1/p1P2pp1/8/7p/3Pp3/2P2n2/P3r3/3R2K1 w - - 1 26
22377,-5,1-0,3r3r/2b4p/Q1q2p2/p2p4/3k4/P3B3/5PPP/2R3K1 b - - 3 32
22380,-5,1-0,4Bbnr/p1q3pp/3rp1k1/1Pp1Pp2/5B2/1PQ3P1/5P1P/R5K1 b - - 1 23
22393,-4,1-0,2R2r1k/5Q1p/r5pP/4P3/1q2nP2/pp2B1P1/1P4K1/8 b - - 4 45
22420,-7,1-0,R4bk1/1r3p2/8/3pPp2/2pP1P1B/2P4P/1P6/6qK w - - 0 46
22436,-4,1-0,2r1k3/p2b2Q1/2q1pB2/1p6/8/b1p3P1/5PP1/3R2K1 b - - 12 36
22488,15,0-1,3b2Q1/pk2n3/4p3/3pP3/1P1P4/4Bn1r/2N2PN1/3R1RK1 w - - 1 31
22493,4,0-1,6r1/k4p2/Pp2p3/1b1pP1N1/1b1P1n2/1N1R2p1/5r2/RQ3K2 w - - 0 33
22715,4,0-1,6r1/8/2P5/3p3Q/1P2k3/P6P/7K/5n2 w - - 3 46
22721,4,0-1,4r1rk/p6p/8/2R5/1Q6/5B1q/PP1p1P1P/3R1K2 w - - 5 32
22728,5,0-1,r5k1/p5pp/2p5/2n4q/2P1B3/PP2RpPb/1B3P2/R4QK1 b - - 0 31
22893,4,0-1,6k1/pp2rppp/8/3p4/3N4/2PQ3n/PP1N1PB1/3R1Kq1 w - - 3 25
22914,-4,1-0,3rn2R/1q1r1pk1/p1p1RnNB/1pP5/PP1P2P1/1B6/5PK1/8 b - - 2 50
22921,-5,1-0,r2rb1k1/pp5Q/4p3/5pN1/8/2PB4/PP3qPb/3R3K b - - 1 22
22935,-4,1-0,3rn3/4q3/1Q1k2p1/2n4p/3P4/5B1P/PP3PPK/8 b - - 5 45
22944,-4,1-0,1k1r3r/2q5/2B2p1p/1Q2n1p1/1p1p4/6B1/5PPP/5RK1 b - - 1 26
23013,-4,1-0,4kq2/1p1Q4/p3p1p1/7p/3R1P2/P1r5/1n4PP/6K1 b - - 1 46
23167,-5,1-0,6kR/1p4p1/5rp1/p3p3/2bp4/PP5Q/2P2q1P/1K6 b - - 1 35
23199,5,0-1,r4rk1/pp4p1/4p1np/2ppP3/Q5PP/5NB1/PnPR1PB1/q1NK3R w - - 4 25
23207,-9,1-0,5rkR/1p2q1p1/p1b1p1P1/3pr3/5P2/P1N5/1PP5/2K4R b - - 1 25
23242,-4,1-0,r4kr1/pp2np1p/1P2PQ2/1B6/8/B3R2b/3K1PPP/7q b - - 6 24
23306,6,0-1,5rk1/pp1b1ppp/1Q2p3/3pP3/4r3/5NP1/PPP1nP1P/1R3RK1 w - - 1 19
23372,9,0-1,1k2r3/p4p2/Qp1P4/3b1p2/3p1PnP/P4KP1/2P5/1R4R1 w - - 1 33
23397,4,0-1,1r6/8/p1qk4/P2p1p2/1P1PnP2/R1pQ1RPp/2P4P/6K1 b - - 3 38
23453,-9,1-0,r1n4r/5pRk/3p1P1p/1ppPp2q/P3p2B/1P6/2P3PP/R6K b - - 1 38
23462,-8,1-0,3Q1k2/2p3b1/2p3Bp/8/p2p4/P7/KP2q3/5r2 b - - 1 50
23600,5,0-1,8/R7/4KP2/8/8/1pk5/R7/5r2 b - - 0 57
23651,-4,1-0,1rbqr1k1/5p2/1p1p3b/pN1Ppp1Q/P1P5/7P/1P6/2R1R1K1 w - - 0 29
23675,-10,1-0,r7/1b1qkr2/6np/p1B1p1p1/P7/1P6/2P2PPP/3RR1K1 b - - 0 31
23699,-7,1-0,r4bk1/5pp1/p2p2P1/q1p1rP2/3n3Q/2pB1P2/PPP4P/1K1R4 b - - 0 23
23748,8,0-1,5bk1/5pp1/5n2/4pP1p/1pp1P3/1P3Q1P/5BPK/5N2 b - - 0 34
23927,8,0-1,r4rk1/pppQ1pp1/5n1p/2b1p3/1n2P2N/2Pb2PP/P2N1PB1/R1B1K2R b KQ - 0 15
23995,-5,1-0,r1b4r/pp1B2pp/k3R3/2qp4/2P3n1/8/PQ3PPP/2B3K1 b - - 10 24
24076,-4,1-0,2k5/7p/Qn1R4/3pPqp1/8/K5P1/7r/8 b - - 2 37
24150,-4,1-0,r1bk1r2/1p1nnppp/3Q4/p1N3q1/8/8/PPP3BP/1K1RR3 b - - 1 19
24156,-9,1-0,8/5Q2/2p4p/rp1p1pk1/2b4P/6P1/2P2qPK/8 b - - 0 47
24356,4,0-1,7r/p6B/4pp1R/3k1PP1/3bN3/1P5P/P1p1K3/8 w - - 1 40
24605,-4,1-0,8/2pr1pk1/p4npp/2p5/P2p3q/2P2QbP/1P1B1PP1/4R1K1 w - - 0 30
24709,-4,1-0,R6r/1p2kqpp/1P2np2/1ppRpN2/4P3/2P5/1P3PPP/6K1 b - - 2 23
24797,4,0-1,r4r1k/p5pp/8/3Q1b1q/3P4/2N2p2/PPP2P1K/R1B1R3 w - - 1 24
24914,-4,1-0,r1b2R2/pp1p1k1r/2pQ1q1p/6p1/8/8/PP3PPP/4R1K1 b - - 7 23
24926,6,0-1,7r/p1p2k2/2Q3p1/5b2/8/1PPp3q/P2P1P1K/R1B2R2 w - - 0 25
25381,-5,1-0,3q1r2/4P2k/p4p2/2pp1RP1/1p6/1PbB2BP/P5PK/8 b - - 0 36
25441,6,0-1,5k2/1p6/5P1p/2q2Pp1/1pP2n2/1Q1R3P/P6r/B3R2K w - - 2 40
25508,4,0-1,7r/2p2pk1/3p1q2/p2Pb1p1/R3P1P1/2PB1p1Q/1P4K1/R7 w - - 0 37
25513,6,0-1,2R5/5pk1/p5p1/1p2p1b1/2p1P1b1/2P2QP1/PPB2PKr/R6r w - - 1 36
25525,4,0-1,8/2p5/1kPp4/3P2p1/2P1K3/7P/p3N1P1/8 w - - 0 59
25537,4,0-1,r4r1k/6bp/p1b4q/1pQ1Np2/8/2PP2P1/PP4N1/2RB2RK w - - 1 29
25976,4,0-1,7k/6pp/p3P1p1/2b5/P5P1/3q3P/QB1p1K2/3R4 w - - 1 34
26181,7,0-1,1r4k1/p4pp1/4b2p/7Q/q1BP1b2/P4P2/1KP2BPP/3R3R w - - 1 26
26709,-5,1-0,5r1k/4bP1p/p7/3P2p1/4q3/2B2p2/PP5P/5BRK b - - 0 49
26759,5,0-1,Q1b2rk1/5p2/p6p/2npP1q1/Pp5p/3BP2P/1P4P1/RN3RK1 w - - 1 21
27015,-5,1-0,5r2/p4pkp/1p2n2b/3P4/5pPK/PP5p/8/2B4R b - - 0 42
27025,-6,1-0,2r1nr1k/p5Pp/1pn5/3N4/4qP1N/6P1/PP5P/3RR1K1 b - - 0 28
27070,4,0-1,8/8/8/2Q2p2/4R3/8/6qK/5k2 w - - 0 68
27091,6,0-1,r7/1b3kb1/p6p/8/1p1Qp3/1P4N1/5PPP/5RK1 b - - 0 26
27473,4,0-1,8/6pk/2QB4/p1p2p2/P1P1rPq1/1P1R2Pp/7P/5K2 w - - 1 42
27647,4,0-1,5B2/6p1/8/p6P/P1p5/3kP1P1/1P3p2/3K4 w - - 0 43
27799,-4,1-0,2r4k/6Q1/p2p1P2/1p1Pp3/8/4P3/PP1K4/7q b - - 1 35
28037,-5,1-0,1q2b2Q/1p1n4/p3p1p1/P6p/1P2PPk1/6P1/6KP/8 b - - 2 43
28055,-5,1-0,r2rk2Q/p2b4/1p4Rp/3p4/1P2P3/P7/3KBP2/7q b - - 1 30
28246,6,0-1,3r1rk1/pp4pp/2n5/2n1PPbP/2N1Q3/1KB5/6P1/3R3R w - - 1 29
28433,-5,1-0,7k/1P1N1pq1/p7/3p2P1/2nN4/4PbPB/7K/8 b - - 0 44
28484,5,0-1,5n2/4b1p1/q4k2/3p1BN1/1p1P3P/1p2P3/r4P2/1KQR3R w - - 6 42
29056,7,0-1,2k5/p4N2/4p2p/2b5/2R2nBq/8/PP2nP2/3Q1RK1 w - - 3 26
29110,-4,1-0,3r2k1/3r4/2pP1Q2/1pPp3R/1ppP4/q6P/5PP1/6K1 b - - 0 45
29186,5,0-1,Q5r1/p2k1p2/2pb4/4p3/2pP4/3bPq2/PP1B1P2/R2NK2R w - - 1 23
29211,9,0-1,1r4rk/2b5/B1p1p2p/p1Pp1p2/Pp1PnP1P/1P6/2QBb1KP/R1N4R w - - 1 30
29303,4,0-1,8/pp3p1k/7p/6p1/2P1b1r1/PP6/1B3P1P/4Q1K1 w - - 1 37
29569,-4,1-0,1r6/2P2k2/7p/1P1p2p1/3N4/n5P1/7P/7K b - - 0 39
29819,6,0-1,6k1/5pb1/6p1/p3P1B1/2Q2PPP/8/1r2R3/1R1K1q2 w - - 1 39
30004,6,0-1,8/5pk1/2R3p1/4p1Kp/p3P1QP/5P1n/P4Pr1/8 w - - 3 39
30193,-6,1-0,rnb1k2r/1pp1ppbp/6p1/pN1q4/3P1B2/5N2/PP2PPPP/R3KB1R w KQkq - 0 9
30312,-4,1-0,r1b5/4qpkp/3B2p1/p7/3Pn3/5R2/B4PPP/5RK1 w - - 0 25
30463,-4,1-0,1r6/p2pk2P/3q4/1pp3Q1/n2nB3/8/P6P/5RK1 b - - 3 30
30644,9,0-1,6k1/p4ppp/b5Q1/8/4N2P/Pp2P1P1/1Pp2P2/2Rr2K1 w - - 1 27
30650,7,0-1,Q7/6pk/5p1p/4p3/4qPQ1/8/3p1P1P/R3rK2 w - - 1 36
30712,-5,1-0,b2r4/2pB2k1/5n2/p5Q1/p2B4/1q4P1/1P5P/6K1 b - - 0 37
30874,-4,1-0,3Rr1k1/p1P5/4p1p1/8/4r2P/P4p2/1P3P1K/8 b - - 1 39
31049,8,0-1,4R3/5pkp/4b1p1/4P3/4P3/1p3PP1/2p4P/1B1N2K1 w - - 0 35
31054,4,0-1,b7/4k1p1/4Bp1p/8/1p1P1N2/pP2P1P1/5P1P/1Nn3K1 w - - 1 32
31234,-8,1-0,rn4kr/p2p3p/1pbq2pB/2p2pQN/2B5/4P3/PP3PPP/6K1 b - - 1 25
31351,-5,1-0,8/4P3/5kp1/p1p2p2/Pp4p1/1P3qP1/7P/4R1K1 b - - 0 43
31545,4,0-1,8/8/p4k2/2N2p1p/6pK/3Rp1P1/7r/5R2 w - - 2 49
31598,4,0-1,2rr2k1/1b6/1p4p1/pB1pB1p1/3N1PPp/PP6/1Q3K1q/2RR4 w - - 1 40
31615,4,0-1,r1q3k1/5pp1/3P3p/1b1P4/5P2/6PP/2p2QB1/B3R1K1 b - - 0 39
31680,-4,1-0,4rR1k/2q1P1rp/8/4Q3/p7/7P/6PK/8 b - - 5 41
31764,8,0-1,4r1k1/p1B3p1/1p1P4/2p4p/2P5/6P1/P3PK2/2RR4 b - - 0 36
31771,5,0-1,1k6/3b4/1p6/2pP4/p1n2p2/K4P2/PQ6/1N6 w - - 1 41
31915,7,0-1,6k1/p2p2pp/1pP1p2r/2p5/1PP1p1q1/P3P2P/1BQ2P1K/R4R2 w - - 3 21
31940,4,0-1,5rk1/R5p1/1B1p3p/1p1Pp2q/1P6/3B1nPb/Q4PK1/2R5 w - - 3 41
32217,-5,1-0,1qr1r3/1p3Npk/pn2p3/3nP1b1/4Q3/P7/1P4PP/3R1R1K b - - 1 28
32271,4,0-1,6k1/5p2/2p2np1/B1Pp2n1/1Q3PP1/P6p/3Nq2K/5R2 w - - 1 37
32430,-4,1-0,4b1k1/r1r5/pq2pQp1/6Np/P2P3P/4P3/6P1/5RK1 w - - 0 35
32539,-4,1-0,4r1k1/r2b1Qb1/2p1p3/ppqpP1B1/2P5/PP4PP/6BK/5R2 b - - 5 30
32609,6,0-1,2B3k1/4Qp1p/6p1/8/8/3b2PP/PP3q2/R2K1N1n b - - 4 35
32675,-4,1-0,2q3k1/1BP2p2/4p1p1/p7/1p6/8/2R2P2/6K1 b - - 1 44
32806,-5,1-0,5rk1/2p2p1p/b2p2pN/8/2PQ1P2/1P3qP1/P7/6K1 b - - 1 23
33052,-5,1-0,r3n2k/1p4r1/3pB2R/pPpPpR2/P1N1P1q1/6P1/1P5K/8 b - - 0 34
33096,-4,1-0,1nb3k1/4R1bQ/2pNn2p/qp6/8/3B1r1P/PP3PP1/6K1 b - - 3 25
33137,-8,1-0,1n3b2/1bq3k1/4BppQ/1p1p4/2P5/8/1P4PP/r1B3K1 b - - 3 28
33144,-5,1-0,r1r4k/qb4b1/p2p2Qp/Bp1P2p1/4B3/8/PP4PP/5R1K b - - 2 27
33204,4,0-1,2r5/p4p1k/3p1bpp/3P4/6P1/3p1P2/PPpNR2P/1K1R4 w - - 0 29
33237,-7,1-0,4r3/p6k/2qpP3/1pp4R/5P2/2b5/P5RP/7K b - - 1 36
33345,-4,1-0,1r4kb/r7/p2pBn1p/2pPp3/2P1R2q/P5BP/5PPK/3Q4 b - - 1 29
33496,5,0-1,r2B1bk1/1p5p/2p2p2/p1n5/1n2P1BP/P1Nb4/KP4PN/3R3R w - - 1 26
33503,4,0-1,8/6k1/Q2p4/2pPp2p/2P1P1p1/2N1bq2/PR6/6K1 w - - 5 41
33604,4,0-1,5rk1/2p4p/2Np2p1/P1pPp2q/2P5/3Q1b2/1P4KP/R3R3 w - - 1 34
33656,-4,1-0,2n2r1k/1pq3b1/r2pP3/4p1pQ/1B6/1B4P1/P4P1P/3R2K1 b - - 1 30
33811,13,0-1,5rk1/1b4bp/1pn5/p1p1P3/2N1PKp1/PP1P3r/1B1NBP2/1Q2R1R1 w - - 1 27
33828,-4,1-0,r2b1rk1/3q4/1pp3Q1/3pBp2/3PpNnP/8/PP2PP2/2K3R1 b - - 4 29
33862,-5,1-0,5b2/r3r2k/2p1pNqp/1p1pPp2/pP1P4/2P1Q2P/P3P2K/6R1 b - - 1 32
34116,-4,1-0,6r1/2qb1Qbk/p2p4/1p2p1R1/1PPpP3/P2P4/6PP/5K2 b - - 0 34
34456,4,0-1,6k1/p4ppp/1B6/Q2P4/5N1q/P6b/1P4rn/R2RK3 w - - 2 27
34472,-4,1-0,r1bq3k/ppp3Q1/4p2r/3p1p2/3P3p/2P1P3/PP3P2/R3K1R1 b Q - 5 28
34492,-7,1-0,1r2r3/1q1n4/3p1pp1/1p1Ppk2/7Q/1P3PP1/P5KP/2R5 b - - 0 29
34572,5,0-1,r7/p7/1p1pp2k/8/1PPp1b1K/P2P1q2/2Q2P2/1R1N2R1 w - - 1 35
34574,4,0-1,6k1/pp3pb1/2p5/2P3p1/3N2n1/1P2PpP1/PBQ5/3RK1q1 w - - 1 35
34655,5,0-1,4r3/p3Rk1p/1p3pp1/3Rp3/P1P4P/1P6/4PP2/6K1 b - - 0 39
34761,4,0-1,7k/7r/1p3p2/pP2p2P/P1Ppn1N1/5q2/1QR5/3R3K w - - 1 46
35149,6,0-1,5rk1/p4ppp/8/4R3/6Q1/5bP1/R3PP1P/3r2K1 w - - 1 32
35150,-4,1-0,3r2k1/pR2q3/P1Q1p1pp/8/8/3r2P1/4PPKP/8 w - - 0 32
35246,-5,1-0,6k1/3nQ3/1p2p1pB/4p3/4P2P/2qP2PK/r7/8 b - - 1 43
35274,-8,1-0,8/8/5p2/5pkQ/2P2pPp/5P1P/5PK1/3qq3 b - - 1 48
35393,4,0-1,1B2r2k/p5bp/1p4p1/2pq1pP1/8/1N1P3R/PP2n2P/R2Q3K w - - 0 22
35453,-5,1-0,1r2r1k1/p2np1bR/3p2Q1/2p2PB1/1p6/1P1P2P1/q1P1bPK1/4R3 b - - 1 27
35462,5,0-1,3r3k/4b1p1/b3B2p/p3P3/1p3P2/P4Q2/1P5R/R2NK1q1 w Q - 1 29
35512,-4,1-0,rr6/4k1Q1/6P1/2pp4/8/1P4PB/P3qP2/6K1 b - - 0 30
35548,-6,1-0,r2r2k1/3q1p2/1pn1pP2/p1p1P1Q1/P3PP2/2P5/5P2/R5K1 b - - 3 32
35786,-4,1-0,4qnk1/7p/3p1bp1/p5Pb/p1BPPQ2/1P2B3/8/4K3 b - - 1 41
36257,-5,1-0,2r1k1r1/1N1P1p1b/pN2p2p/Pn2P3/5p2/8/1P3K1P/4R3 b - - 0 32
36735,-5,1-0,r1r5/7p/p5p1/2p3Pk/5P2/5b1Q/P6K/8 b - - 4 34
37142,-5,1-0,3Q1k2/p1r3q1/4P3/2p2rp1/P2p4/8/1B3pK1/7R b - - 1 43
37349,-4,1-0,rnbq1r1k/2p5/p3p1Q1/3nP3/PppP2R1/B5P1/P4P1P/R5K1 b - - 3 20
37399,-4,1-0,4b1k1/3r2bq/2p1pP1p/1pPp1p1P/pP1P1B2/P4B2/4P1RK/6R1 b - - 0 34
37566,4,0-1,4r1k1/Qp3ppp/2p3r1/7q/4nP2/B7/PP2PPKP/2RR2N1 w - - 1 21
37653,4,0-1,4rk2/p2R1Bpp/8/8/Q4P2/5qP1/1P5P/5K2 w - - 1 29
37848,-5,1-0,2r3k1/2P1R3/3r2p1/1P4Kp/4p3/2Qp1pP1/5P1P/5q2 b - - 1 39
37865,-4,1-0,2r2k1Q/6n1/7p/1pp5/4PP2/7K/2q5/6R1 b - - 1 40
37871,9,0-1,6k1/p5r1/2p4p/2R5/8/P2P3r/2Q2P2/2R4K w - - 0 41
38220,-7,1-0,r2q3r/pb2pkB1/1p1p1pQ1/5P2/1PP1P3/P2P1n2/2p2K1P/2R5 b - - 2 27
38257,-9,1-0,1r4k1/5qr1/5R2/1p3pp1/2pP4/4P2P/1n3PB1/5RK1 w - - 0 37
38523,6,0-1,2r1B3/5R2/5bpk/3P1p2/P6p/2qP1Q1P/4p1P1/6RK b - - 0 54
38563,-5,1-0,r4k1r/pp2b3/4PpQ1/q2p4/2B3p1/8/PB3p1P/1R3K2 b - - 0 27
38578,-4,1-0,Qnk1r1b1/2N4p/p1P5/PqpP2B1/1p2p1n1/6P1/1b2PP1P/3R2K1 b - - 0 29
38608,-5,1-0,r2q3k/pp3P1n/7Q/8/3pB2P/2P3P1/P4P2/3b2K1 b - - 4 31
38692,6,0-1,6k1/1p3pp1/2p3rp/3p4/3P4/2R1P2Q/7N/2B3rK w - - 1 42
38814,-4,1-0,r2n1k1r/pp1Qnpbp/2p3q1/1P6/2P5/B5P1/P3PP1P/R3K2R w KQ - 2 18
38911,-4,1-0,3r2k1/3nQ1p1/2p2p1p/p3pP1N/2p1q1P1/2P4P/P4B2/6K1 b - - 1 34
38920,4,0-1,2k5/ppp5/4R3/8/1P1QP3/P3K1p1/4qr2/R7 w - - 8 37
39136,6,0-1,3r4/pbpQ4/1P4kp/n7/8/2R1p3/P4PrP/2B2RK1 w - - 0 31
39138,5,0-1,5r1k/p6p/1p3ppb/2Q1Pb2/8/P1N3P1/1P1R1B1P/q1KR4 w - - 1 33
39166,5,0-1,5r1k/2p1b3/3p2R1/4p2p/BPPPr2P/P7/1B1P4/3RK3 w - - 1 29
39232,5,0-1,7k/1Bp4b/pb5p/8/4PpP1/6q1/3Q4/1R3R1K b - - 4 59
39239,-4,1-0,8/8/1r4pk/8/1p3Q1p/2r2p1K/5P2/8 b - - 5 71
39471,8,0-1,8/6pk/p3p3/2p5/2PQ2P1/PP5p/8/6K1 b - - 0 44
39677,7,0-1,8/5pk1/pp6/4p3/1PP3n1/PN6/4Bq2/2R2K1Q w - - 1 48
39863,4,0-1,4k3/4p1Bp/1p1p1p1P/2P5/2Pn2q1/r5P1/1R1Q2K1/1R6 w k - 4 29
40230,-4,1-0,1k3R1q/p3P2p/npp3p1/3rP1b1/3P4/4P3/PP1B2PP/2R3K1 b - - 1 22
40271,5,0-1,5rk1/pp3ppp/8/3Qn3/7q/1NP1Pp2/PP3PPK/3R2R1 w - - 5 30
40320,5,0-1,8/p2Rp1k1/6pN/8/P1p3PR/2P2P2/1P2n3/4qBK1 w - - 3 34
40324,4,0-1,6rk/2p1Rq2/1p1p4/p4p2/2P2P2/1P5K/P4Q2/2R5 w - - 1 35
40592,-4,1-0,r4rnk/1p1Q3p/pq1p1P2/2pP2B1/4NP2/P7/1P5P/3R2bK b - - 1 27
40823,-5,1-0,3r2r1/6b1/2ppP2p/4p2k/4q3/4P2B/PP2Q3/2K3R1 b - - 7 29
41105,-4,1-0,5rkQ/r5p1/1pp1qn2/5pN1/P2P4/7R/1P3P1P/6K1 b - - 1 27
41126,-5,1-0,rnb1nBr1/1p5k/p2p3Q/2pN1p1B/P1P5/7R/1P3qPP/7K b - - 5 29
41378,-6,1-0,7R/5P1k/8/p4K2/6N1/8/6r1/2q5 b - - 1 57
41555,-4,1-0,3r1q1k/p4p2/bp1Ppb2/7Q/2P1B2P/4N3/P5P1/6K1 b - - 0 31
41634,5,0-1,6k1/5pp1/1b2p2p/1p2P3/1P3PP1/P2R3P/N3p3/7K w - - 0 38
41904,8,0-1,8/6K1/p7/8/8/1kQ5/8/8 b - - 0 71
42311,-4,1-0,4b3/1p2k1Q1/4p3/4P1N1/1q6/r1n3P1/5PBK/8 b - - 6 46
42366,-5,1-0,7r/2Qk1pb1/1Bn1p1pp/qp1rP3/7P/5N2/P4PP1/5RK1 b - - 0 25
42559,4,0-1,3r2Q1/pp1k1p2/8/4P3/2P3Pp/8/P2p2P1/7K w - - 2 42
42567,-8,1-0,5k2/1p1P4/5Qp1/8/2P5/5P2/4K3/1qq5 b - - 1 48
42587,-8,1-0,3rr1k1/1p3pb1/p4P1p/qPpbp2B/P1P3QP/8/6P1/3R2K1 b - - 1 32
42592,-6,1-0,1r1r3k/PP2b1p1/2Bp3p/1b1Pp3/8/4P2P/6PK/R7 b - - 2 35
42655,4,0-1,6k1/6p1/7p/2R5/2N1p2P/1P4P1/P3qrQK/8 w - - 1 41
42664,-5,1-0,6q1/8/1r3k2/2p1n1rp/P1B5/4Q3/1P6/1K3R2 b - - 3 43
42694,6,0-1,1Q6/5kr1/3p4/P2P1P2/4r2K/1R6/7Q/5q2 w - - 0 61
42730,-11,1-0,2qk2r1/3b1N1p/1P1p1bp1/2p5/8/8/1P3PPP/4R1K1 b - - 1 26
42745,7,0-1,3r4/5k2/p1p5/8/2p1b2P/Q1B1P1P1/P4P2/R2RK2q w - - 3 32
43016,5,0-1,1r5k/1p5p/p2p4/3Pq3/2P1pR2/4P2P/3Q2P1/R5K1 b - - 0 36
43210,6,0-1,6k1/3R3p/8/3P4/2Q5/6bP/6P1/1rB1r2K w - - 2 38
43382,7,0-1,6k1/1b4pp/p7/3pp1q1/2p1p3/2PBPr1P/PPNQ1P2/1R3R1K w - - 3 25
43403,4,0-1,6k1/p5p1/1p2p2Q/4Pp2/3Pp2P/P7/q1r2P2/K2R1R2 w - - 1 30
43420,-4,1-0,r4k2/pb1q4/3B2Qn/1p6/3P4/5r2/P1B2PpP/R5K1 b - - 5 35
43476,-7,1-0,8/P7/7p/1P3k2/4r3/1KP5/8/2R1q3 w - - 0 55
43521,-4,1-0,4qkrR/pp6/2npb1B1/2p3Q1/5r2/P1N3P1/1PP2P2/2K5 w - - 2 28
43545,6,0-1,8/2R1nk1p/4pbp1/p2Q4/8/4PPPB/6KP/1r6 b - - 0 39
43587,-4,1-0,2kr1b1r/Bp2p1pp/1npp4/3q1B2/6n1/5R2/PPP3PP/3RQ1K1 b - - 1 15
43592,-7,1-0,r1b1r3/p3b2k/q3Bpp1/3ppN2/1p6/2P4R/PP2N1PP/1K5R b - - 1 24
43696,-4,1-0,1Q4k1/5nbp/4b1p1/5p2/1p6/6P1/4PP1P/q2R2K1 b - - 1 28
43796,-10,1-0,5rk1/p3q1pp/1pb1p3/2p1P3/2P2P2/5pP1/PBRr3P/5RK1 w - - 0 26
44127,5,0-1,k3r3/pR3p2/2p5/2Pp2p1/8/P7/2Q2PPP/3Rq1K1 w - - 1 27
44279,-4,1-0,4rkR1/pp1P1p2/8/2p5/2Pn1p1p/7P/PP5K/8 b - - 1 41
44291,-8,1-0,5k2/2rb1q2/2pQ4/p4p2/P7/1r6/1PP5/1K2R3 b - - 4 42
44497,-7,1-0,2kr1b1r/4pp1p/1pPp2p1/pQ1P4/2PN1P2/8/1P2NKPP/7q b - - 1 19
44661,-6,1-0,r1b4r/1p1q1Q1p/p2Pp1p1/8/2Pk4/4BR2/P6P/2K5 b - - 5 28
44705,4,0-1,6k1/5pp1/Q1p1p1p1/2P5/PP3P1P/5r1P/4NK2/1R5q w - - 5 47
44782,-6,1-0,rn4k1/1p6/p1p1PBp1/5p2/2n2q2/2N5/PPP1bPP1/1K1R3R b - - 1 18
44868,-4,1-0,r6k/pp1R1Q1p/nqp2bp1/8/1P6/2N4P/P5P1/7K b - - 1 27
44874,-4,1-0,qrr5/4p3/pn1p2pQ/3k1BRn/1p5P/8/PPP5/K4R2 w - - 4 28
44971,-5,1-0,r6Q/3brk1R/6p1/pNPp4/1p3P2/4n3/1PPNq3/2K5 b - - 3 33
45007,-4,1-0,2q3kr/4Rp1p/2B2Ppn/1p6/p7/P1P5/1P5P/K3R3 b - - 0 35
45067,-4,1-0,6k1/8/p5pp/2pr4/2P1Pr1q/1P2Q2P/2B1RnP1/6K1 w - - 0 39
45143,4,0-1,6k1/q7/3pNp2/3P1Ppr/8/3Q1Nb1/2P3P1/3R1K2 w - - 12 43
45182,5,0-1,5r2/1bk1b3/p7/1p2P3/2rPQ1N1/1R4P1/PP3PK1/8 w - - 1 47
45269,6,0-1,4r3/1p6/p5k1/P2p1pb1/1P1PpP1Q/2P5/8/5R1K b - - 0 55
45518,-9,1-0,8/4kp2/2p2np1/1p2p2p/1P2P2P/2P1NKP1/5P2/3q4 w - - 0 37
45833,4,0-1,3r4/1p5k/6q1/p3p3/P1N1P3/2Q2PKp/1PP5/5R2 w - - 1 46
45849,4,0-1,6k1/2p3b1/1p1p4/pP1PP3/P1P4p/5qpP/3Q1n2/3R2KR w - - 1 54
45892,-4,1-0,r4r1k/pp1n1Pb1/3p1BQ1/2pNp3/2nP4/8/PP3qRK/R7 b - - 6 23
45998,7,0-1,2q2Bk1/4pp1p/p5p1/8/1Q6/2N2b2/PP3P1P/R2R1Kr1 w - - 2 22
46247,5,0-1,1k1r4/pp3pp1/2p5/4P1Pp/4P2P/2nP3Q/Pq1K4/3RBR2 w - - 1 28
46410,4,0-1,3k4/1p1n4/1pp3B1/3p4/r2KpPP1/8/PP1b4/R1B4R w - - 1 27
46445,-4,1-0,2k1r3/2q5/2pBp2p/2Pp4/5Pr1/2N5/P7/1R3R1K w - - 2 30
46495,-5,1-0,r1b1r3/pp6/2pB2Q1/3pk3/5pPq/8/PPP4P/R5K1 b - - 11 32
46506,12,0-1,8/kp3R2/p1p5/1QNpP3/1P1P3n/2P3nP/6r1/R6K w - - 3 33
46516,-5,1-0,r7/pp5k/5RQb/3pr3/3p1P2/7P/1PP5/3KN2q b - - 1 33
46564,-6,1-0,5b1k/5Qpp/p4p2/5N2/1P2r3/3p2P1/5PKP/3q4 b - - 3 36
46597,7,0-1,6k1/Qp4p1/2pbr2P/3p4/8/8/PPn5/KR5R w - - 1 39
46966,4,0-1,6k1/pp3ppp/8/8/4n3/6P1/P2Q1K1P/8 w - - 1 35
46969,-4,1-0,8/q4k1Q/p3p3/1p1pP2p/2r5/6PP/PP4PK/8 b - - 1 35
47258,-4,1-0,r1b2r1k/1pq2p2/p2bpN2/3nN3/6Q1/3B4/PPP2P1P/R4K2 b - - 3 22
47298,-4,1-0,8/Pn2kp2/7p/6p1/4p3/1P6/1KR3P1/6r1 b - - 1 45
47357,-5,1-0,r4r1k/ppq1b3/6Q1/2P2p1P/8/2B5/PPP2P1n/1K5R b - - 4 24
47392,-7,1-0,2rrk1n1/pp1n2Q1/1q6/2p2N2/2P5/5p2/PP3PP1/1K2R3 b - - 1 30
47424,5,0-1,3r4/kp3p2/1b2p3/2p3QP/1Pq5/p2N1PP1/1PK5/R3R3 w - - 1 36
47665,-6,1-0,2rq1r1k/1p2p3/3p2Q1/p1nb1P2/2P1P3/1P2R3/P5P1/5BK1 b - - 6 27
47841,-5,1-0,4R1k1/1p3rp1/2r2p2/p2B4/Pq6/7b/1P4PP/3Q3K b - - 1 30
48012,-5,1-0,r1b2q2/p4pkQ/1pn1pNp1/4P3/8/8/P3BPPP/6K1 b - - 1 30
48057,5,0-1,4r2k/2q2p1B/4b3/2p1b3/p7/2P1N1Q1/PP5K/R3R3 w - - 1 35
48299,-5,1-0,6RQ/4qp2/1p2b2k/pP3ppp/P5r1/5P2/6P1/6K1 b - - 1 54
48486,-5,1-0,1Nr4r/k2q4/3bpP2/2p2np1/N1PpNP1p/1R1P1b2/3B2PP/R5K1 b - - 0 30
48487,7,0-1,6k1/3bQ3/p1pr4/5Pp1/N1P1Pn2/BP4R1/P6q/6RK w - - 0 31
48531,4,0-1,1r3r2/4pp1k/2b5/5p1p/1p6/1BP1p1P1/1P3nKP/1R2QR2 w - - 1 36
48533,5,0-1,2QQ4/p4pkp/4p1p1/P2b4/8/5N2/5q1r/3R1K2 w - - 4 36
48580,5,0-1,6k1/6p1/4p2Q/3qPp1P/1b1p1P1P/3b4/1r2KN2/2N2RR1 w - - 0 42
48613,5,0-1,8/5p1k/4p1p1/5q1p/3P1P2/1p4PK/1PR4P/3Q4 w - - 1 46
48751,-5,1-0,r3k2r/1bQR4/qp1Bp3/1p3pp1/1b6/P7/5PP1/R5K1 b - - 3 27
48986,-4,1-0,5k2/6PQ/p6p/8/P2r4/1q6/6PK/8 b - - 0 46
49077,5,0-1,6rk/7p/pQ4R1/4p2K/8/8/PPP4q/6R1 w - - 1 34
49087,5,0-1,4r1k1/5r1p/pp6/8/2P2Q2/7b/P1R2B1b/3R1K2 w - - 1 37
49238,-6,1-0,1r2r3/p3k2R/3p2p1/q2P4/1p2pQ2/1B6/1PP3P1/1K3b2 b - - 1 26
49283,-5,1-0,8/4p1rk/q2p2p1/6P1/b3r3/1B5Q/1PP5/R1K5 b - - 1 30
49310,7,0-1,1r4k1/1b3pb1/p2pp3/1p2P1p1/5nN1/P5B1/BP3P2/2R1RQKr w - - 1 33
49399,6,0-1,6k1/5p2/5PR1/3R4/1P1N3p/2P4P/6PK/r3r3 b - - 0 41
49586,-8,1-0,8/ppr2Rk1/2p1b1rp/2p1B2q/3nP1pP/2NP4/PPP3P1/5RK1 b - - 1 28
49757,8,0-1,5rk1/p4p1p/6pQ/3Ppb2/r6P/1p3P2/NP1R2P1/K6R w - - 0 26
49762,4,0-1,1B4k1/5p1p/2p1b3/6p1/3bP1P1/5P2/p3B2P/K1R5 w - - 1 27
49827,-5,1-0,rr6/q4kQ1/p1b1pPp1/1pN5/2n2P2/P7/1PP4P/1KB2B2 b - - 3 32
49857,4,0-1,6k1/5p1p/1P2p1p1/8/Q4P2/2b5/2Brq2P/1R3R1K w - - 3 36
49902,-4,1-0,4q2k/7p/3p2B1/3P4/1p3r1Q/1P4P1/1b3P2/6K1 w - - 0 40
50011,-5,1-0,6k1/2PP1p1p/8/1P3P2/4p1p1/6P1/r4BKP/4r3 b - - 2 51
50236,-5,1-0,2R2r1k/1P6/3p2p1/3Np2p/4P1Pb/5p1P/5P1K/r7 b - - 3 46
50446,4,0-1,2k5/1b2b3/pp2p2p/2n3pP/2Pp2P1/P2P1n2/2NBQPKq/2R2R2 w - - 5 29
50457,4,0-1,6k1/4Qp1p/pr3bpB/8/1PB5/P6R/5PPP/3q2K1 w - - 1 30
50549,-4,1-0,8/1p1rq2p/p4kp1/3Prp2/P2Q1P2/1B3P2/1P3nKP/4R3 b - - 2 38
50616,-4,1-0,8/8/P4p2/3r1kp1/3PP3/5K2/8/8 b - - 0 44
50865,-4,1-0,r7/2q1r1p1/1bp2pk1/p1n1p3/P1B1P1PQ/1PB5/2P4P/3R3K b - g3 0 26
50925,-4,1-0,r1b2r2/1p2q3/p4p2/3Pp3/2P4p/2Q5/PP1kN1PP/R5K1 b - - 7 34
51034,-4,1-0,8/4k3/1p3pP1/2p1p2P/2P1P2Q/pbr5/3q1R1K/8 b - - 2 44
51189,-9,1-0,r4r2/1b5p/p3q3/1p3pQk/5B2/8/PPP3PP/7K b - - 1 26
51212,-9,1-0,4rk1r/3R1Rpp/p2q4/2p5/8/8/PP4PP/7K b - - 0 30
51459,-4,1-0,2rrb3/1q3p2/4p3/p2pP2Q/Pp1bk2R/1P6/2P2PPP/2R3K1 b - - 7 34
51460,4,0-1,b5k1/5pp1/p2N4/4pP1P/1B3q1b/7Q/P6K/3R4 w - - 1 35
51537,-4,1-0,6rk/5Nbp/8/p2P1p2/1p1q4/3B4/PP3PPP/3RK3 b - - 1 33
51753,-4,1-0,5r1k/2qnb2p/P3Pr2/2Np2Q1/1p1B4/8/2P4P/6RK b - - 1 34
51889,-4,1-0,r4r2/p2p2kp/bp1P2q1/4B3/7Q/6R1/P1P3PP/6K1 b - - 0 27
51898,7,0-1,5rk1/1r3pp1/2pR4/2n1Q2p/4P3/Kp2N3/1Pp3PP/7R w - - 2 30
52111,-4,1-0,2rr2k1/p1q2p2/1p4pp/4R3/5Q2/1bP1N2P/PP3PP1/6K1 w - - 0 28
52158,-5,1-0,3q1r2/1b1n1kR1/7Q/pp2p3/4P3/1P5P/2r3PK/3R4 b - - 5 34
52165,-4,1-0,2b1Rbk1/p4p2/6pQ/3r4/1P1p2P1/8/3B1P1K/1q6 b - - 5 36
52310,-4,1-0,1r2kb1r/1p2p1p1/p2qN2p/2R1n3/3ppBP1/1Q5P/PP3P2/5BK1 b k - 5 21
52484,5,0-1,4r1k1/1p4p1/p7/P5P1/1PP2Q2/6P1/4p1K1/8 b - - 1 52
52559,-4,1-0,rnr1nQ2/pp1qB1kp/6p1/3N4/2Pp4/1P5P/P4PP1/R5K1 b - - 1 18
52741,4,0-1,2r3k1/p5p1/b6p/4ppb1/PB6/5P1P/3K1NP1/2R4R w - - 1 28
52973,-9,1-0,1q4r1/1prnQk2/p2P2p1/P6p/1P1p1P2/3B2PP/6K1/8 b - - 1 47
53077,-4,1-0,3q2k1/1p1bb1Qp/3P2pP/p1r2P2/6r1/P7/1PP5/1K1RR3 b - - 1 31
53140,4,0-1,1r4k1/5pp1/p6p/2b1pP1B/2Q1P3/2Pp4/PKb3PP/4N3 w - - 1 35
53231,-4,1-0,7r/1Q2kp2/p4p1b/4pP2/1pr5/3Bq2P/PPP4P/1K1R4 b - - 3 27
53261,5,0-1,r6Q/4kp2/3p1p2/4pP2/4b2P/1P3q2/2QR4/1K6 w - - 0 41
53417,-4,1-0,3q1rk1/p2bppn1/3p4/6QR/1p1rP1p1/2N2P2/PPP5/1K5R b - - 1 21
53451,-4,1-0,r7/p6k/2p2N2/q3p1Qp/2b5/5P2/PPP3P1/2K5 b - - 3 26
53537,-4,1-0,4r1k1/pp1b1p1Q/3p1pp1/q5P1/3NP3/1nr2P2/PP6/R3K2R b KQ - 0 19
53541,-4,1-0,1rb4r/3q1p1k/p2p1Q2/1p2p1Bp/4P3/1B6/PPP5/2K3R1 b - - 0 23
53662,-4,1-0,2r3rk/pp3QbR/3p1P2/6P1/5q2/P1N5/KP6/8 b - - 0 35
53727,-4,1-0,2kr1n1r/Qp2bpp1/pNbp4/5pP1/q3PP2/2R5/1PP5/2KR2B1 b - - 5 23
53728,-5,1-0,r1nq1r2/pp2bp1k/3p2p1/1B1Pp1P1/7Q/P3B3/1PP2P2/2KR4 b - - 1 24
54011,-4,1-0,5k2/2P4p/p2P2p1/8/8/1P6/1P5K/6r1 b - - 0 41
54038,-10,1-0,knbBrb1r/Q6p/p1Np2p1/3P2P1/5P2/1P6/1PPK3P/q7 b - - 1 31
54128,-6,1-0,2rbQ3/2q3rk/p7/1p1Pp1P1/2p1n3/4B3/PPP2P2/2K4R b - - 1 26
54135,4,0-1,2r3k1/4ppB1/q5p1/5b1p/p2Q4/3R1P2/BP1n2PP/1K2R3 w - - 3 27
54214,4,0-1,r3r1k1/5pbp/3p2p1/1Q1P2P1/1P5R/1Pq2P1B/p1N4P/2KR4 w - - 0 32
54375,8,0-1,4Qrk1/1R3ppp/pB5r/P1P2P2/8/1N4b1/1P4P1/7K w - - 1 41
54735,6,0-1,4r2k/1N3Bpp/8/P7/1p1p4/2P3p1/1P3bP1/R2Q1K1r w - - 4 31
54746,5,0-1,8/1p4bk/p3Q1pp/3P3n/2N3n1/8/PPP4q/R3B1KB w - - 1 34
54898,-9,1-0,3bk3/2r2qp1/2b2pr1/1pp1pP2/p1P1P3/6Q1/1P5P/3R1BK1 w - - 0 32
54977,5,0-1,2R5/5k2/p6p/1p2p3/4p3/8/PPPN2p1/1K6 w - - 0 37
55021,4,0-1,8/8/6K1/4R3/8/2P2p2/4pk2/8 w - - 4 61
55093,-4,1-0,r5q1/kbR1Q3/pn5p/1pN3p1/8/6P1/2P3P1/6K1 b - - 0 33
55185,-4,1-0,r4b1r/2k2R2/p2q1P2/3Qp2p/1p6/7B/PPP4P/2K5 b - - 0 26
55187,-5,1-0,3qkr2/r2b4/4QP2/1B5p/4P3/P1N2n2/1PP4P/2K5 b - - 0 28
55193,-5,1-0,2rbkr2/1R1R2Np/p5p1/8/Kp2P3/n7/7P/8 b - - 5 34
55256,-4,1-0,5k1r/pp4pp/4Qp2/2P3P1/P3P3/3r1R1P/1P2K1Bb/6q1 w - - 2 29
55463,5,0-1,5k1r/ppp2ppp/5NB1/8/5P2/P3b1n1/1PP3PP/R4R1K w - - 1 20
55505,4,0-1,6r1/1p3p2/4bk2/3p4/BQP1n2q/5P1P/P1P2R2/4R1K1 w - - 1 33
55507,-5,1-0,6r1/Q2b4/1pkq4/1B1p1p2/3P1r2/2P3Pp/7P/R6K b - - 2 32
55654,4,0-1,6k1/1p1b2pp/1qn1p3/p2pP3/6P1/PP2b3/1B1N1QBP/R5K1 w - - 1 22
55719,-5,1-0,3r3r/2b4p/Q1q2p2/p2p4/3k4/P3B3/5PPP/2R3K1 b - - 3 32
55760,-4,1-0,r3b2k/1R4R1/pp2PN1n/7p/1P3p2/3r4/5P1K/8 b - - 0 37
55775,8,0-1,3rR2k/pp5p/5bq1/1P6/NQ5p/P4N2/4K1PP/6R1 b - - 0 39
55928,-4,1-0,2r2bk1/2P3pp/1q2rp2/1NpQ1P2/p1P5/P7/6PP/5RK1 b - - 1 31
56146,-4,1-0,r1b3r1/1p4pp/4pp1q/p1kp4/P4P2/2PB2Q1/7R/4K1R1 b - - 1 23
56179,-6,1-0,r6k/1p4Bp/pq4p1/5N2/2B1b3/8/PP3PPb/2R4K b - - 1 28
56190,4,0-1,1k3r2/1p2b3/2n1Q3/3pPB2/p3q2p/P4K2/1P1B4/1R5R w - - 3 31
56281,-4,1-0,1q2kR1r/1p2b3/p3P1Qp/3p4/1P6/P7/8/7K b - - 6 44
56296,4,0-1,8/1k4p1/4p1Pp/1b1pP3/1b1P1P2/2r3B1/1p1NKRR1/8 w - - 2 48
56427,-6,1-0,r1b1kr2/4q2R/p1Q1p1p1/3p1p2/8/1N6/PPP3P1/6K1 b - - 0 35
56431,8,0-1,6k1/4bpP1/4p3/4N2Q/1p3P1P/1K1B3R/rq6/2R5 w - - 7 37
56860,-6,1-0,2r2n1k/7Q/4pp2/3pP1N1/pp1q1P2/8/P6P/2r3RK b - - 3 40
56910,4,0-1,1k4r1/p7/Pp2p3/4P3/2pPp3/2P1N2n/7P/1Q3RrK w - - 1 46
57064,-7,1-0,8/1Rr1k3/4p3/3pP2p/3P3p/1r6/6K1/8 w - - 0 40
57099,5,0-1,3R1rk1/ppp3pp/8/4qb2/4p3/1nP5/PP2NPPP/K1Q2B1R w - - 1 19
57105,-4,1-0,1r6/pp5B/1nnkq2R/2pp2Q1/5p2/2P5/PP4P1/1K6 b - - 1 30
57108,-4,1-0,3r4/2Qn1b2/k1p1p1p1/1p1p4/1P3PPq/2PB4/3K4/4R3 b - - 2 32
57254,-4,1-0,2r4r/p4n1p/1pq1pQpk/3pPp2/P2PN1P1/1nP5/5P2/R3K1R1 b Q - 1 30
57572,-14,1-0,rnb1kb1r/ppNp1ppp/2p5/6B1/3q4/8/PPP1n1PP/R3KB1R b KQkq - 1 10
57676,8,0-1,2kr3r/1p6/2p3Qp/2N1Pp2/7P/8/PPP1n1B1/2KR4 w - - 1 27
57767,-4,1-0,1k1r1b2/p2n1p1p/2R5/8/q4B2/5Q2/5KPP/8 b - - 2 26
57776,-5,1-0,rnb2r1k/pp3p1p/5p1B/8/q2p4/6Q1/PP4PP/2R2R1K b - - 3 17
57945,-4,1-0,4rk2/5q1n/p1p4Q/1p6/8/1P6/PBP2r1P/1K1R4 b - - 4 37
58165,-7,1-0,r2qnbk1/4Np2/p2p4/1ppb3Q/8/P2B3P/1PP2PP1/6K1 b - - 3 25
58170,-5,1-0,r3rbQk/pp6/n2p1n1p/8/3B4/P4q1P/1PP2P2/2K3RR b - - 1 26
58207,5,0-1,1k2r3/3R3p/2p3p1/1p3p2/1QR2Pq1/2P5/PP5P/6K1 w - - 1 37
58318,-4,1-0,rn3k1r/p5pp/1ppNPq2/5Q2/5B2/8/PPP3PP/2KR3n w - - 1 20
58331,-4,1-0,1Q4k1/p3r1pp/Ppp1PP2/3p4/1q6/7P/4bP1K/6R1 b - - 1 34
58423,8,0-1,N1bk3r/1p3pp1/pb1p4/4n3/P3P1p1/3B4/1PPN1PPq/R1B1QRK1 w - - 1 16
58452,-4,1-0,r4k2/2pr2bQ/2p1pNp1/p1B1Pn2/1q6/1P6/P1P3PP/2K1R3 b - - 1 22
58465,4,0-1,6k1/p1p3pp/2p5/3p4/3Pb3/4Q2P/P5q1/4RK1R w - - 0 25
58816,7,0-1,3r1rk1/ppp3pp/8/4n3/8/P1PB3P/1K3Q2/3R3R b - - 0 25
58885,4,0-1,6rk/p4p1p/7r/2P5/2P1B3/8/P3nPN1/3R1RK1 w - - 6 29
59022,-4,1-0,5r2/1bp1Nrp1/p2p2Qk/3P1p2/qPP5/8/5PPP/4RK2 b - - 1 35
59058,-5,1-0,3r1k2/1ppq1p1Q/p1n2P1p/4r2p/8/2P4P/PPB3P1/R5K1 b - - 0 27
59075,-4,1-0,4kr2/2q2pp1/b1pR4/p3bP2/P1B1Qp1p/7P/1rP3P1/2KR4 b - - 1 31
59117,-5,1-0,8/6p1/2p3kp/4N3/4P3/2Pq2PP/7K/8 b - - 1 39
59146,-5,1-0,3r1k1Q/1q6/prpn1p2/8/2B5/6R1/1P3PP1/6K1 b - - 3 48
59207,-4,1-0,4rk2/7Q/4p2p/p1r1P3/2P5/6RP/q5PK/8 b - - 3 32
59208,-10,1-0,r3r1kR/pnp2p2/2p1bQp1/4N3/8/2q5/P4PPK/8 b - - 1 36
59266,-6,1-0,rn1r4/b1p3Q1/p1n3p1/1p2p2k/8/2qP1B1P/P4PP1/R4RK1 b - - 1 27
59294,-5,1-0,4rrk1/b1p1q1P1/p4p1Q/3np2N/2P5/1p6/1P3PP1/2B2RK1 b - - 0 31
59307,4,0-1,7k/p1p4p/4P3/5b1R/5q2/B1p5/PP1rK1Q1/4R3 w - - 4 35
59323,4,0-1,8/Q1pk3q/p4p2/N3p3/PP2Knp1/2Pr2p1/5PP1/R3R3 w - - 11 37
59334,4,0-1,6k1/R1p3pp/2Q3r1/3p4/8/7b/PP3PNP/4r1K1 w - - 0 39
59469,-4,1-0,r4rk1/1ppb1pp1/p1n2B2/P3p2Q/2qpR3/2P4P/1P3PP1/R5K1 b - - 1 19
59644,11,0-1,3r2k1/p1p3p1/2P4p/1p2p3/2q1P3/1K6/PPP4P/RNBQ3R w - - 9 21
59695,-6,1-0,3n2k1/p5Rn/r4p1p/2pNpq2/2P4P/1P1PP3/P7/6RK b - - 0 43
59763,-5,1-0,r1b3kr/1pp2p1p/p2n1QpB/2b5/2Bp2P1/3P4/PPP2PKP/RN2q3 b - - 3 16
59790,-6,1-0,3q1r2/p1p2p2/2bp1k2/4n3/2B1PP1Q/2B5/2r4P/6RK b - - 3 25
59791,5,0-1,5rk1/5ppp/3p4/8/1P1N1n2/P1R4P/Q4Pq1/3R2K1 w - - 0 31
59816,6,0-1,7r/ppp5/3p1k2/2bBp3/4Ppb1/PNPP4/1P2nPPK/R1B2R2 w - - 1 22
59963,-4,1-0,1rb2rk1/n7/1bp1qpQ1/1p2pP2/4P3/2PB1R2/1P4PP/R6K b - - 1 27
59994,-8,1-0,brq1r1k1/2p5/p6Q/4pP2/3nP3/3P3P/P4P1K/1R6 w - - 3 34
60002,-6,1-0,r4k2/2pn3Q/q1P1rbp1/3Bp3/1p2P3/5R1P/P4PP1/6K1 b - - 0 35
60414,7,0-1,1k6/1pp3p1/p1p5/5P2/P1PKP1Q1/5P1P/2Pq4/7R w - - 1 34
60472,-4,1-0,5r2/2p4P/1p3P2/p3b1B1/P1p1k3/2P5/1PK5/8 b - - 0 64
60507,-5,1-0,3r2k1/1qQ5/p2r2p1/1p2Nn1p/5P2/8/P5PP/5RK1 w - - 0 35
60900,-4,1-0,2r1n1k1/3q1p2/5Qp1/1pp4p/2b1P3/2P1B2P/1P3PP1/3B2K1 b - - 1 40
